4355633793
8380556438
1605619906
8596874595
3063239833
6167734879
9844746366
4920335656
2550390400
3968203742
6562940679
6055847975
9570682409
2424844420
7087211712
0003752686
0774812058
2922299442
5527942848
9703423899
9623834616
4620296052
2873688646
3607814581
2413300389
7235295722
5889217232
5149305517
8174177243
6827089267
8358447605
9627274352
6267603071
7227852645
9892052090
2027424049
6273556234
7760366402
9833245407
8520718942
9775888345
5272985459
2730568852
1146540617
2586295777
3883402942
0203009116
7590725588
9674505534
9616763702
5233375245
5031398731
0355114318
5402296302
6689928522
9317021443
8988464288
8624090249
7606747203
8640147218
5086988846
2014877957
4724134990
4143458831
0547694016
0146405638
1283511522
9161070174
8542039490
7168884658
7833598131
1214688159
7367520828
4037552901
0416203244
7762782297
9326087565
6814792080
3444671009
4615179712
0863829718
3684990011
5167642562
5666581474
8654404272
4417818738
9481261579
8791818041
2187502890
8029948569
6510143976
8689134240
7946151039
3675732291
9275122047
9826824741
8891789000
6726615108
2674907547
2119686176
3078853358
3599942452
7345938011
3532515991
9805871896
6337617473
1537681779
3581124068
4748083823
7820306302
5548643893
6251416219
3364417550
5154162183
8560271314
6784067726
7813166174
2195348482
9225204091
7292519109
6308638227
8750322854
0840007517
9681923565
6291330299
0942800606
5955945870
8584876932
6948030903
4225559579
9939199564
2653245593
7320918159
4652657756
0605168541
8755742771
3380439798
3559859580
5106189426
4361185209
7988805219
2764371663
5013236455
3962540648
6234443613
7535712176
3181892776
4287127124
4041921087
2405284178
7535916602
6077239027
5398978814
8240991428
3436316065
7351430345
7372237480
1972337640
8875940914
5361396680
9766278523
9113991375
8445066462
5129579049
9035305425
0080613314
3875772646
7545189708
0791312842
4078061105
6850553579
0208337345
8626157682
3754986290
5537322492
0827752014
2843466656
3409487919
3341256689
8819016020
3929317925
9834190377
8603947278
8335946032
7476857470
8344846148
4751141107
1079917558
5264892500
8619755663
1949507129
3234916628
9054875420
9431868145
2944132167
5754805684
3796445723
8852436698
8183513238
2839158383
2067795741
9736869593
6842610938
1963721129
3179030047
9355014524
2382494140
6073559172
5536931278
3732402737
9709480383
6718942207
8301508054
1291475716
6114459190
4036796123
7173453016
2343320119
7544148545
2143238405
3954848770
6650858354
2454921652
6931475374
1476276020
5151050860
1187290226
8838868974
5553889548
8737116323
1210916054
4152174993
7261634473
3682012076
5742850917
7433392748
2728221280
1330011410
7099702789
9508244836
6393779656
8497107859
7197222653
4993903055
8646187474
4616217325
6700023775
3435231186
7583877241
7467488224
1700990804
1938792536
0812624355
9062769543
1190151536
8267902105
5952424992
0093317111
6897592508
7098489226
1975848974
0527457423
3248730146
3453826175
1262405404
9461642796
1607801765
7701623645
6637589308
4653340572
1002895377
1408966700
2362706656
0473928940
1987237860
0951893860
4254307427
9312357693
7596100250
2004676813
6796898890
8855461036
4116372036
3050139423
2558698523
8475892344
4770593613
5105263251
1591572399
5564642001
8157388191
8090774483
6390117668
5698176594
2065021621
1410396564
3334535609
9679404707
1575663118
5782603475
3531159866
5841050146
8984094338
7563086513
5120384189
5758651487
0556841734
4372744939
7517805686
3004392858
2504262476
2144066034
7795188277
8159861536
0106627280
0992172955
6331162424
5352192434
5948319846
4315970870
4855484764
5487214492
1730403228
2878962937
2214975514
3400400862
8020988001
7382060101
4517951536
4822544242
9462209090
0752321455
8238269176
7179304046
9404935187
1743991657
4542074794
0934403702
3802992825
2817158526
7410510372
7526896857
0830531275
0327579434
9418770972
8090479407
3965268874
7465981828
4257785796
0894780094
8780809672
0472223257
4928351397
2066835541
8102811200
9329299592
5212626555
1505232947
8366162107
9293900669
2351964352
3245517589
3159151912
3935311466
0020495616
2201971600
8341840570
5658616549
0567372779
1684913841
7448561156
6452477145
1370507958
4474059485
4649564723
8548005575
8110276399
9327558634
8013122599
4626639041
6514449376
9594039541
3777299741
5908019229
4392944636
9685803048
4491065461
9749383478
2001242026
0185394150
9153181906
4378169222
6175760267
8887834205
1988713006
1264347447
7349722920
7237585045
1414622312
7261585873
9628599415
0510747802
0667614401
4463988441
0701399939
9170313908
2118087455
9061804194
0769592658
0369294463
6457545127
9312194447
1695432801
7494746957
0883396447
6578531287
8237375685
8356356015
4938538247
9763028903
2707281360
8483007391
3179770833
2076068312
8156257458
1854849081
5481628132
3702053405
2051125339
4153899178
1841800819
6896457490
2331965251
9307555263
0071423951
0005247840
1495408917
9656989764
1290767377
9257229103
7930225009
4573262300
9398979579
6702052549
3573799452
3790001796
3282720306
1297189275
7186997339
7458113590
0624861452
5573900632
6318652490
9324798947
2041102889
1115760546
5957495419
6102503829
8095136116
9429765013
5829578527
7766855263
8314626453
0314915928
2617426059
1004245183
8675757562
4760841390
5348411645
0862831719
3197418513
5331805152
9379593851
6552487395
0748636492
6846533636
1857077340
5751778984
1675457310
5073230441
8901524089
2318048778
6405218789
0451021551
9724647471
2153262309
7616195958
1844162769
5968698894
0973530768
0643590542
2348025318
4328302635
6465026012
1351081309
3756816626
1324998164
2979369009
4034059462
3597128624
2484128388
7926207602
8426891575
0770390925
6859253828
4255576655
2281460199
3349366602
0582631423
4769101476
4509926276
5383715712
4862495495
9671201034
3485379493
6654630621
0496647152
1370308436
3967512919
8635444712
6757450941
4476455664
1825904374
0585727406
8099241199
9736084572
8556683674
8124400951
5969134467
6438431889
0745297161
9220839947
0416128724
3890679061
3206621211
8013765364
9274660539
2461180764
5363587512
5164328203
7012410371
7022272069
3078981523
6436840768
9152009895
9227779347
5895049755
0973640556
8029976243
4601884860
6720770341
4328977385
1388350423
6100609947
2422238337
9273427470
1604271092
3926296486
7790118886
3695126486
0820950185
5182758111
1260342923
7376895410
8947516868
8623466670
6792679709
8897381572
7139812282
2018666632
0741981869
6601574927
9659761896
9052370448
9534028173
0508817634
7601230542
7759011202
4323165628
1087572283
8838677245
5155742526
8833026612
5301653042
8733725206
3565781434
4495199410
2005693597
9622135478
5725719210
7783571885
1321199794
3189559775
4929201291
0755768698
6781832548
3471492225
0596413954
9877808890
3510835618
7909379111
8125335745
9143348067
9047961439
7311614713
4486967449
3449798278
3711710155
4347950680
3545458393
1682551311
9129224697
3969754084
3551979896
0824806501
7383281162
9818312639
2676496875
1315679533
6777776525
7842781834
0092833723
7001112294
8314570771
3274858407
9503793663
4441904088
2568997053
1781863098
9942521838
8272502310
9787056646
8381327658
4447426177
5409869274
2756515682
5170719416
2398038579
5699849334
5439343256
3513963749
0899204905
9382364093
9530760055
9123288411
4551574713
6426708379
5111539415
2157438453
3137824187
7736859033
3540754249
1323593068
1217925899
8089061829
8595368061
3270940988
6041345869
0274608562
9100559850
1553923452
5738449252
0400651624
6418973354
0525331894
8000656190
8213552833
7008616373
8409313554
7296672764
7084114280
8463354121
8365228859
7401864909
3829401638
7807897856
9486176532
0873971535
9897838096
9523051662
1612366244
5009961782
1371478423
4806014732
0556159540
9571027610
1584425553
0814458524
8583565989
1780885167
8709355303
4608573752
9595816933
8372432777
1562294591
9048115255
6107907991
7595630929
8795450452
9322991364
6804248321
6954418463
2156755117
7868477984
9489065789
8873546771
9874446198
7069560448
0801610465
1292487302
1084756201
1983135152
8560432875
9557263743
0179009872
3416548918
9401637444
0451866882
2413339589
1806602443
3910356813
0322526049
9119771321
2898162124
9595637302
1158956384
9139137873
0726157180
8332088138
0438692088
0457450670
9386209256
1588506688
3001710804
8613887210
0860352174
1153305886
1506498038
0970863125
1119120949
3385552288
3066995467
5878056388
4395283186
4884126316
5259335555
6148470254
0182341321
9882760896
9641814355
8442184124
2157100844
2787481049
8338113451
8364278683
3023076721
9248908839
4379713231
1724962958
8556992970
1689104889
9919921507
9675605517
0705601542
2494603971
4900252815
9848690162
6176435613
9338334600
8891737329
4870545686
0808282183
1466275031
5771719207
7314126473
3421962436
3241761362
5197289336
3644005293
2290853431
5054370372
1093209383
6624390676
7958496270
2626237769
9062954240
4601241430
4278369930
9004121385
9794301946
7199148642
3002769044
6797478601
7352544716
4085675035
0968811366
6814130061
1183899645
8144176895
3830562214
1720266215
8001677284
0312052955
6867459567
1916283382
6325974668
1850262907
2422839354
8447904612
0913067480
5167052849
8900251149
9128454870
9137952711
1538631937
3072091367
8159490632
3150741686
7426288358
0808631941
6538376935
0834296496
1399958433
0884631344
6226196450
5798232157
1440674663
9831498308
3840219373
9517927271
6614572439
7260873066
2890177797
5235531391
3357976615
6641107052
8935126981
3414839446
1172926725
1061738943
4266996158
7745044256
1350931634
5026806615
3645779627
6565874703
7458007582
5217475022
3694182319
8896333986
7598002669
5932755761
4013798820
7199893767
4595493418
6107961841
1928853309
9198001422
0144143521
5053378921
2527367937
3028739265
4678707088
5950170752
3831790644
8809352090
2709291065
2931967621
5687086651
5202568276
7907467665
8319224460
0928540666
3291433596
3481902560
8790087094
4072891617
5848859522
8589457341
9345060845
6851484347
1753664540
9268520429
6964416733
4198036145
0119948283
0116540773
8367988858
7030806868
9614757023
6766800156
6246479451
5040032083
1571442333
3474696255
4300832599
2688782300
1622463170
6077612556
7828828349
7036284111
3722696573
0069713863
4095837316
5785267176
8668618992
2792787102
5145362517
8367688912
9311664059
4468713337
4740357107
7555705946
4194996288
1284410827
1629784228
8789294193
1523754101
5294366873
3090233500
3551202902
1784227857
3049970449
6798168109
7358671693
9270844796
0140175077
7744506274
3989810541
6644868188
3577465059
3089099773
0449646216
1831777438
6521317006
7319111171
5867991617
4530886397
3951788030
0849317753
7543515664
7500542713
9303793588
1940206923
7278494868
2011524809
2116611731
0504071331
4586754054
4379613010
7910171903
8742983067
4994285566
9649589067
5643904597
1522806282
8933656481
2100274953
8175255289
8970603369
8067806773
9608109819
3409122151
9024185082
4253431181
9599832826
6474006587
2277464408
1743339805
3608498787
1199080166
3831981659
7269745970
7925574170
4621386503
5973695980
6363892663
6283367543
4377626547
4997964189
4832047559
3873549289
9284445796
2426625392
7566863938
4110928220
8746087439
7012370264
4837755474
5628799543
4710262862
6982910753
6432063385
5872770251
0125856542
3875458381
7290496751
6633719087
2006959340
7735554897