17114
45531
56150
45328
48825
30146
34594
62657
61945
19749
15356
88277
98462
57335
24499
87313
71710
10478
53605
86901
72980
23423
40208
23608
03422
11584
37375
17580
02572
65894
38571
42693
59802
57652
71072
14094
92504
88298
13939
39886
80209
39643
91949
96909
69328
27081
48925
72230
89326
66008
10068
92027
18002
33543
50243
75166
78593
73127
72335
54571
68464
84530
76846
76572
89783
65989
30881
33901
24925
78175
17786
79293
03745
28686
99056
43539
35689
19826
66755
12874
79477
42488
53439
15812
29558
43844
11962
86783
10588
92370
26242
17485
33564
84516
48075
34775
56129
85149
70538
55779
62871
27243
06128
11540
25498
37089
33539
20439
51066
79538
19050
21436
57048
63412
79344
96626
63372
80013
34574
25907
44748
86839
47131
59365
11240
43170
88288
34018
38882
19688
74682
76143
92985
55201
80184
75391
93725
56229
23858
10038
99114
46476
34341
95161
55586
93422
65973
38176
52946
30920
59044
83610
69058
56907
99792
19401
92506
58849
78297
45164
02278
59256
50549
21974
06590
86573
73632
02017
24563
42661
13082
93017
93924
04510
14880
04313
91099
62796
13599
42579
86360
85023
31720
71226
74618
07092
41014
95831
13469
89733
98581
80683
76358
60468
51265
75941
40113
04918
61382
64748
95239
78617
04177
49917
29574
10352
62196
72286
65300
43684
25517
98271
11576
21361
01174
56954
33253
21521
85430
42337
85734
11585
23932
55704
07924
55456
14477
96143
84135
90714
68160
74260
06049
67876
83278
81761
21592
79468
93738
82560
44928
79669
42111
16889
39455
83153
36884
00777
72719
57912
24749
11628
54970
16173
29935
48026
70073
47008
44621
19197
85999
16301
57183
60886
31456
57864
70079
12094
33233
80643
09413
24718
32316
73978
50560
88638
28950
51776
86042
54225
34517
03489
92911
43335
19307
26960
12008
05353
45267
28852
13547
68246
00444
90889
55172
75001
63398
72026
54174
65709
00942
80192
34655
00656
30701
57709
45223
00466
17402
35624
64977
48356
79368
98757
52916
09995
84658
84928
33492
33630
32694
50036
54747
39054
77825
45574
38348
56441
54782
37063
47323
24284
82847
09452
20044
82278
36642
72600
54547
98152
50673
20872
32893
53450
41562
44964
06284
95471
58774
81194
43513
63752
06937
37910
29571
19380
55477
79290
83396
06622
53126
68502
14781
21439
15573
95940
40273
23008
53471
42035
47708
52882
35100
75169
24875
55709
38763
10804
85796
32344
34705
68224
58483
41226
67063
61113
17250
03062
97921
27952
64930
60027
27782
60268
43037
67406
81133
89673
59790
64286
59504
29201
64329
61175
98707
86514
78615
16706
73195
01290
67131
27570
73841
98659
25985
21399
13111
57643
33917
24507
66009
95514
11079
91647
25162
12524
12132
66904
48262
19270
88682
28392
55003
38276
12173
25246
85920
19171
61947
41415
07288
54367
70288
55750
48612
94213
57008
22374
77428
67024
10823
27145
27524
26082
95090
84236
47280
06612
31113
31105
41995
53029
60570
16843
02397
56985
15143
58788
69128
18530
44490
60060
65960
04869
54040
83538
39757
04475
11045
46688
74542
69841
13579
30003
63662
37380
30092
34286
50664
49956
81962
97953
00822
13807
55011
77212
57584
96411
25414
23734
71227
14597
75315
53556
54739
15174
61912
49296
87642
07456
84457
49703
34571
79168
76085
67347
54297
18371
94394
77625
87990
70375
14588
18499
07732
67411
96823
63324
16042
51823
10374
17087
19984
67395
58230
81472
69744
94001
96999
24841
17211
07754
63057
63889
78738
55764
65134
05405
36410
88598
97789
60500
00486
41896
09904
04710
73862
25341
89701
48391
77564
21454
15242
14073
26999
04463
56375
30593
54481
70045
86707
24409
29126
46259
00280
08614
97864
68695
73949
03168
08681
60972
51467
36158
88447
16358
73305
40594
25009
48642
88879
38191
72256
56262
36069
92218
73549
28627
85732
80504
56906
36107
63395
03829
84092
13793
77938
72751
11085
19367
17341
63730
40060
24795
34533
27234
44781
40040
39065
33983
34723
67628
41095
85324
07749
92779
21081
47144
70376
15304
99228
13749
48620
75512
14987
87550
33469
54250
51322
16893
65438
81845
53099
54917
92130
69842
84654
88244
05057
07377
53296
50413
68074
28925
11688
01356
57340
59005
67249
84833
33033
27300
46051
17120
51497
71668
61873
29142
24152
55260
23638
96109
02374
87435
75900
64293
01949
90858
82769
59899
20612
05977
56644
37118
79560
58183
59488
96251
94127
30396
09472
60539
24890
71731
76204
96838
95980
57829
43373
27672
09366
28229
52149
23302
25619
27024
19557
07462
17182
52749
48963
45927
89431
78582
72970
07649
70374
69805
05432
50778
19618
45916
45550
45897
61268
43923
04095
94937
91989
36896
62397
36867
44364
14879
81388
77844
73738
40347
15130
62828
39568
42218
74381
28712
33568
99856
93434
08577
93036
21116
93475
02146
02318
48375
90424
50508
09244
32483
57805
57240
15027
37099
01932
33740
27848
63219
15975
33941
40120
98519
71018
99535
68457
61466
06289
03558
70507
90621
47546
80315
54013
65698
49442
59137
89001
66623
34734
31493
10998
72483
43838
14903
76677
07923
23215
70838
39480
37188
56944
28235
20913
20609
03527
93960
23839
71270
28371
07120
72170
91771
77560
05979
22045
89016
08288
56176
20334
10189
70490
05735
74863
52978
55662
66776
72601
33900
43272
82592
55966
90346
90019
83556
14873
44423
73413
44040
81984
89285
55189
42024
37539
11668
71901
78139
63242
06925
51731
23095
87942
98915
72656
03152
60275
17931
52458
01400
36036
52159
03274
15023
23394
89408
32385
11452
61315
33074
13318
47526
26691
17448
06704
09533
13349
73681
68977
86138
46217
78265
44842
74350
50867
46758
20043
61033
28388
98032
44684
49062
54288
24742
17227
17712
43665
12463
38088
33169
46794
13871
04178
08766
63082
26671
12194
78485
30538
50417
30038
17520
07218
58824
76883
42950
33399
05854
10050
00856
20215
55724
45443
15380
88245
08626
02766
12258
27371
84744
81866
10648
21705
70292
37149
69778
70546
89935
46842
92071
08367
11339
58440
08192
63050
64934
55307
52871
77107
21031
88523
76039
41573
04427
56382
97801
57836
44867
91689
22258
15239
79179
74786
96801
74620
90249
81797
86274
07496
22874
60808
97253
86977
64296
03517
58752
69306
98209
71177
06020
78218
93614
12692
01580
25273
19121
11967
15810
47108
17807
03371
41703
09563
66860
32732
84768
61604
29118
47932
42697
80069
14253
67484
18313
70311
67344
43671
90548
69920
02999
24892
75437
83570
28236
31008
57089
10487
93783
07179
19830
66679
63366
25057
63705
21680
95277
82805
25292
25249
53232
98783
19526
51312
14953
76481
91654
51858
46126
24633
20452
74775
60619
23123
44476
95086
95684
74078
88449
52294
92674
63032
71284
71599
33513
40787
87581
61413
58244
40885
71451
64946
64529
53823
42897
53554
03134
86269
35070
72642
18878
21294
36125
57453
63029
40223
63446
66742
14434
16452
46469
90040
12362
94809
25099
03257
05329
79648
45736
74101
37562
29408
81574
44375
99895
84733
31673
22073
02410
88567
03282
66647
17037
46609
12264
91103
73450
62898
86899
96369
27540
43938
36520
96698
17630
56426
19176
90286
94522
63630
57811
68709
84706
56641
50660
42967
57781
13848
14301
64517
38542
78310
15478
02598
48446
83102
13929
32580
49369
39475
65639
41188
64125
99603
68613
95724
67982
07634
76198
08579
14910
92725
07242
39725
90532
68585
22266
68794
03885
47237
72548
19273
34757
11344
89791
67913
02788
55155
79211
29524
24490
99130
74008
68416
45918
20555
27033
11415
06850
79667
87512
36697
46059
92828
96852
44169
23946
66851
68402
25474
27363
12296
03673
49209
91838
25793
88242
06101
39072
13575
63517
14081
21019
03143
01198
76716
56308
47915
04013
90735
49105
50015
06938
34248
79350
37231
83572
14262
04626
92029
21970
76426
76234
64483
45888
56398
72434
58340
19476
71468
45364
56278
22670
16606
67612
15941
70932
77433
39027
32731
24317
10007
61083
90387
69143
65433
04296
02837
70775
46920
05994
87673
15308
15721
31238
08646
87607
36040
98769
02937
73188
68725
96599
82370
27614
48952
40080
05263
30259
78825
05568
35252
41914
16314
02001
37246
64892
44577
94398
78277
74559
98326
31967
71887
07134
06184
25317
73880
53256
25956
58170
82004
81850
24679
44700
43676
41522
81996
25263
94008
69892
02818
26754
00216
46011
05924
84110
90454
37679
18340
02160
50430
74810
29646
78276
40078
34416
53887
26601
46549
31258
30933
54144
30382
39279
84449
56647
42320
77390
08348
06545
24345
47161
15913
25558
17410
19595
99633
63051
16583
10140
74583
99121
46215
52955
35565
10442
88468
40015
80816
47709
26416
72923
90534
88530
97676
31982
19757
96373
00592
26297
98409
70851
64404
01518
81340
37914
95529
41211
66089
05978
28104
45682
76140
49901
96076
73827
09911
33587
05118
32734
81501
98065
48218
85258
84607
43159
98516
23385
76979
05014
96020
55644
95495
58812
77329
79264
73712
07125
19623
27284
28155
80327
34781
58952
19559
62004
89023
08636
54005
19013
65689
23098
28821
83144
13121
34615
34165
28558
63365
51341
59759
97022
75185
92109
16735
62989
14525
35632
53774
12160
45977
63100
50743
66794
43319
23402
76865
43969
70543
87016
52076
83344
12273
86614
28042
98195
27196
44021
56066
77910
96638
94550
31742
15296
76035
76192
63986
82792
00152
92196
27193
48726
91521
34989
56006
77772
17933
74987
35253
34476
02533
23888
04446
80592
23806
44265
70627
10174
40329
11895
87167
73786
49399
66424
46673
01794
18565
97979
53449
61708
98927
81074
33380
21940
73617
33159
52910
86466
75285
10114
23004
40628
59734
78065
23472
56900
59495
66333
57603
43429
01459
27409
94059
39956
32740
43918
47212
61808
22961
38263
01697
20118
45935
26630
62896
20208
61929
92966
35720
83006
32975
41342
87299
66515
54789
31293
18226
82139
28512
53732
01206
55276
71228
72163
05638
27511
41413
98590
44206
76664
46723
89527
21989
68993
16791
27015
11685
44871
91473
37500
07422
74749
73776
04728
08905
96345
73754
49506
40529
16610
02953
51628
64816
10312
35327
47330
01931
42733
24438
35149
08018
51217
20861
48941
10066
67453
87982
57521
37224
49439
86653
33117
41721
33438
98867
77516
84757
73389
95922
36797
59811
33261
93762
38659
53163
37592
20742
24360
65141
49595
72093
96460
66777
76014
00736
87862
70318
15919
49495
62295
41880
09704
22765
87792
93784
33481
48775
57688
62013
70886
37950
14504
34773
53957
66120
88935
93713
91182
21764
85062
68832
69818
94852
03141
22462
99373
79665
87798
05268
46228
53106
19096
49556
85787
98965
09105
29276
71995
66642
70243
40991
94958
65093
30178
21026
34621
44104
28557
94438
16986
71035
11695
84621
46760
48722
76148
09651
33264
49178
96765
28475
38914
55948
33664
94585
42962
93156
42926
96585
77232
00772
28533
02463
32126
24326
93160
11239
52117
87904
32531
08180
68848
57769
12491
06012
49134
43345
87500
54788
64864
38320
37935
12109
68655
43769
32352
93239
24238
48675
59485
05512
28269
79706
23652
99705
06449
15432
40188
91682
06305
30053
77272
02565
54946
10331
56127
87791
98932
36396
10708
75000
77317
20491
00403
71702
18302
59624
43562
64395
49887
09824
11489
06709
39996
72308
87614
93761
32506
61717
54424
86255
17001
89504
90536
17968
48788
74134
16522
01798
90966
92429
15120
01013
15529
39213
32807
01236
36367
19770
59894
12151
86767
62708
08725
89680
56014
34429
33638
28494
44034
15901
23759
17657
40548
44060
05890
87562
08436
29185
92872
09694
70331
04214
08973
04112
98969
92245
63288
14068
56887
16333
55728
02130
23923
15080
63530
74785
00162
03221
87856
72075
90280
35132
19252
45538
22609
08062
21182
23912
86706
53236
39607
47346
01324
33029
96783
40182
77435
12097
94176
76504
14470
45012
87356
85601
96668
29398
33509
07639
94007
75050
36713
31125
19754
23817
95305
33326
78116
61223
26221
74484
57819
62872
55335
35750
26822
45438
26769
15536
46369
96798
18708
01639
79109
15435
53367
83788
25203
23743
10797
12729
97887
52580
99536
06791
43047
06871
57950
66697
66839
63929
94671
10393
74494
80713
18621
95159
19855
39512
44514
80233
21690
07426
18318
16959
34323
17593
30394
90259
94506
06773
56952
74029
67929
36674
18554
18487
10125
27759
93162
14554
70778
38288
17150
99479
62693
26091
78939
86123
34407
24286
24424
36110
22415
33473
88441
48496
59122
02901
02340
57156
89168
51031
07300
23420
16003
35848
84992
96748
45015
30455
50153
60586
01734
26751
63020
17350
99687
39999
46135
35103
00435
59699
90842
40009
89702
74667
67850
69609
58960
31695
98098
81139
71369
93392
93583
77680
15438
23342
15127
28255
62001
66487
76169
07433
86881
25325
35130
47155
89595
73994
97256
63702
76360
41735
09451
71368
36789
20383
98066
11496
87708
89449
29328
59928
55992
48581
41575
37344
01839
57466
22074
39708
63411
60700
46977
22960
22958
74736
27963
05179
17701
12687
08930
25118
97635
52943
00578
29125
21520
51340
04873
84486
81521
68221
81136
55123
02057
34647
88999
47500
60091
02116
49689
62548
12735
60142
59051
55293
58650
14634
21782
43445
20723
38969
23468
31905
25754
94231
16343
96404
82826
30599
89769
32964
45307
86084
85884
41223
79012
93035
96946
69148
86919
15554
90334
21214
73220
38552
56240
63358
90308
22547
99820
76808
73451
65496
59771
72341
44048
47030
54386
30281
41861
34598
93387
27728
52678
94072
44443
35473
97916
40952
42994
84747
28176
80790
31385
68039
30054
67329
42261
21052
42116
26945
25026
89517
78731
57372
99262
15546
58063
44214
26363
35698
13526
49205
47447
78226
97237
11771
62227
80825
74551
07748
04198
94758
80033
34046
93584
18501
54511
04567
49966
39478
53757
62856
51304
55072
95151
78387
89922
46876
61221
22366
65966
71017
84566
47478
76216
24896
98956
37817
97281
75670
82028
57519
87151
47618
51938
39632
31681
48094
47513
06589
29589
79047
94000
10227
05956
79080
14206
01259
52047
82033
24280
74514
24759
41521
82438
31420
46297
31193
04804
47265
55497
76488
59730
45131
89372
01354
95990
92232
39320
39426
62836
03245
25052
97329
38975
88403
97598
75180
04922
88524
14908
26528
35946
92283
05961
95579
48804
39312
01642
24248
78495
63528
41584
80433
87357
04884
83409
95992
30493
43922
37399
15952
36120
54553
99252
98665
89148
93875
21444
65704
08290
37831
55800
20237
71499
61095
71777
30061
28135
22296
52410
20046
90561
56959
61563
41489
29991
20354
24746
22683
69134
61457
40277
49294
82985
01612
79446
58539
71642
52880
98566
13259
14640
77013
16611
54992
06642
50194
94555
70621
13952
47800
24081
09298
84336
97515
93708
38433
54019
77621
42772
58746
84049
01871
87918
98838
27602
26103
80425
70713
67936
99972
94813
83399
87570
02750
72646
67738
21908
64960
87806
31841
57740
22752
31703
25679
68856
62089
80803
84181
78870
71574
58543
14025
97055
26276
24852
46074
65901
99255
74262
14001
97470
70417
12921
32679
27096
85991
38709
33500
06862
71022
91100
03857
31469
21067
94180
33419
94144
36950
77196
25983
42826
17268
91109
97401
05753
27588
93153
69036
72520
49508
22001
81099
49037
28351
99784
76680
94789
76591
22128
32624
63494
73230
71564
74770
44772
45080
90378
42730
47715
77960
18615
21849
39028
47445
36942
82681
07574
33227
90865
59589
96213
97317
97008
99934
31223
46994
78527
70818
34158
66190
93060
62316
13128
20295
50186
14729
67251
09380
50076
38658
78395
20745
29545
47248
09504
81237
67992
61368
93525
73666
59795
23918
08103
12016
18840
91417
13879
29587
50724
61099
18153
87042
34992
44129
59284
31350
24692
37103
82049
23239
02218
96605
28143
30891
00963
27435
11999
49877
32841
47300
29917
42898
00563
37226
33430
44550
89354
66212
01605
06023
75192
91327
33742
12533
80020
87442
61564
23657
30548
61440
69085
21339
90200
62264
99669
12568
71594
79983
56646
10433
26974
98900
17925
48509
55199
58674
47220
18885
53092
65721
13604
61593
80067
37392
34805
82300
35718
34290
38986
61905
18717
19153
27557
88142
88200
49432
45177
13261
02681
45769
00815
14608
14423
58374
78789
66116
41598
76925
87284
66240
22599
14758
67962
73759
60402
18795
27472
66222
05993
00686
16814
67107
75991
10893
49244
69262
45340
77210
67446
48033
87813
45032
64971
39625
07887
65530
38223
65474
03654
32901
51236
71225
71949
35175
12046
36567
31822
92396
45850
22136
37427
57675
64061
38653
09740
14778
96130
83713
16891
07154
18003
13868
43653
42594
79136
41130
09513
66405
30441
92538
91487
51387
55405
59719
24354
80142
23406
01540
80390
82499
22434
89251
82098
89661
95886
66673
12932
27495
79587
97384
70564
98840
67769
48743
82173
57049
83875
20899
96656
06527
33725
68063
07892
23151
90143
11287
18010
73218
67348
98585
63332
42741
80114
27386
82402
38216
03915
80038
60127
89972
66069
14891
28816
00742
71459
66364
92274
07633
17200
30857
93850
62618
24644
24717
52011
59409
99587
04116
83242
75270
97754
28754
77736
39178
85375
71720
03670
35408
34799
35649
11165
57759
17243
15622
55249
11629
25702
98672
69910
28906
25641
40509
94797
13053
27516
05359
83599
96280
45010
99466
36228
86637
38569
05763
60063
77016
09354
20430
55176
57938
71113
18303
64343
60991
38095
64242
63552
75049
26635
07993
13022
21554
70003
83885
12396
44238
37891
79901
55207
79529
37576
25278
79535
80479
23792
03752
40946
17790
23879
90129
47856
64852
95472
33411
14632
96485
05593
21461
82899
36790
75619
11980
16176
99814
88881
85759
01664
14495
41140
27235
13359
50817
92366
90582
67890
38608
71959
94679
58955
22615
32321
39681
17318
20505
71690
43947
33131
03518
54387
17864
50998
06057
74574
12702
27153
89990
25610
55928
37985
67069
65814
82983
46959
09044
31874
49955
64766
67640
58357
43672
73684
08344
29009
27797
54136
74318
70594
70915
63731
70837
26961
28911
13340
98457
76556
80304
26027
87293
40297
91401
11965
71121
55877
28441
17426
31972
37690
61901
94021
94742
69550
76131
76587
61848
86566
95186
00238
21218
99899
00309
49883
38458
75286
00638
45224
73563
53314
38807
97938
25732
71006
39605
76304
68262
68443
40504
55932
92983
22501
33354
93678
63943
13593
38839
99156
44777
66382
07439
11913
26289
20616
92331
55699
66610
45727
31887
64847
86040
26886
89690
55526
11763
60838
95530
01837
97138
21465
46405
75186
92706
26302
75896
06543
89299
14901
50825
43603
89466
98247
22172
88895
11343
48998
07651
65395
58092
65062
51044
35876
91385
81993
78164
31811
87426
28199
74346
95334
74567
50383
89105
29355
61484
10264
75279
76208
32354
50530
19560
33934
39362
24666
04561
04995
10216
06094
16471
41766
03597
90062
20148
51495
51615
98171
02496
70102
19223
81510
64743
76893
43233
36093
42572
30859
07520
91413
11299
18539
97824
50371
63971
71864
24846
53895
12689
16432
19739
58312
90705
02275
34456
46307
86101
06336
25554
66458
03158
24740
44826
19646
35212
79021
33470
34939
85642
54910
73088
59758
04630
67351
12034
33761
56507
30028
05788
15514
98664
14205
14508
43955
57386
33704
66253
48701
27787
76051
28243
18284
61203
01439
32612
41339
41886
05256
99383
80469
59006
23377
11769
24078
00386
86935
50347
63623
47078
12293
51851
20692
24261
16917
10313
88544
22448
29210
96160
06140
83044
84853
74483
82306
50147
52154
40124
68338
87907
88597
85704
67297
79903
82662
78880
08145
67859
43719
81350
85672
58785
39818
48325
14481
73470
07071
97125
34411
51327
75610
96432
17698
43634
88631
43146
48043
22565
65278
23209
72151
51952
02046
92137
66011
27414
14964
99938
10447
29633
87443
41913
19169
89687
80907
31284
24128
70155
62811
88673
98749
54503
66088
20629
64403
38899
61807
95820
83838
03964
28168
60196
66524
16798
48478
58988
37166
52584
59233
54516
74307
57258
50008
55252
73972
41723
77469
47245
24077
71637
49909
36615
76649
19974
05226
75464
15070
66155
11010
24505
18290
93069
85542
30139
45835
46884
58607
13201
49854
03423
67558
16549
95810
76810
72850
58024
79723
98926
09029
77882
18283
51999
21685
32224
91649
18028
62230
58660
12853
18636
95255
83434
53210
25495
87539
72743
00289
30326
98423
24622
24675
54978
83659
25425
19893
41556
48545
11156
56574
72538
77143
41791
42093
74845
15401
93285
56190
00572
90257
18886
68265
23826
22631
14884
39491
65489
71530
48320
80672
18379
59971
74357
94354
29988
96261
10357
10410
96424
79434
00566
93939
61316
09287
64626
82843
29569
61386
26011
02890
03391
31875
32013
44691
98742
99200
51720
45061
64427
34569
46782
37770
02373
41273
47405
41495
38218
22089
73527
97431
94795
39822
44002
85968
96159
81505
82069
69690
61177
67945
15003
72509
74407
54335
88338
78199
59668
40160
81240
68364
50689
98690
43806
05696
42360
19718
87135
50276
76655
01273
82589
81527
43000
80992
31702
71498
40761
69689
32103
21496
09656
33370
32801
48448
78033
92701
65416
01741
47262
18739
11072
80075
70350
10922
22197
45425
41609
72752
97700
05372
04041
38361
66977
52289
00683
19511
67109
95372
56583
01246
92973
19231
77033
51024
85390
52258
09746
35832
46363
07941
32248
00892
17592
23353
20916
94124
55650
20182
24228
56961
07590
22291
21613
67253
03685
91748
03252
35160
99692
74157
44658
62280
99378
22047
86723
67853
31152
24671
99175
35377
43366
65057
77052
17820
96947
12694
84306
36450
35146
52714
19958
70389
27451
72052
05375
52426
72063
18827
40840
12975
73889
26049
30098
17507
38813
94682
03536
19894
53892
17107
64569
46205
57092
99246
87699
99851
21793
61756
68745
13813
33409
68873
00669
33232
77492
65103
60447
51571
35846
04546
57189
37476
06554
00548
53495
56469
50786
36292
83037
32536
17815
83525
04389
56259
61266
69386
85369
76027
10233
63266
35971
49628
05950
16091
01602
54276
95678
83560
21725
98923
50962
78560
22030
38292
77575
91992
07876
09484
57182
72893
49919
07594
91971
98331
52433
26084
82993
39321
06009
80708
61727
72623
35714
28683
82203
48625
54894
16966
75636
07979
78705
22321
30248
97825
34596
10455
71630
18581
24811
47489
85174
28169
13137
91943
12916
84077
50409
29576
40386
38127
51125
32444
89475
70050
04209
99679
31757
31548
41916
60000
76647
13207
96368
92309
87741
71349
32235
80805
92965
26964
35376
90543
35223
56969
08501
42615
56161
42901
86195
31840
64827
72905
44149
11216
95344
52609
64647
64815
64459
51006
31834
21060
53000
89749
30595
70938
65674
07983
64134
89457
18126
76840
46752
87351
31801
72074
14864
97155
05203
78913
92941
81833
70725
04496
96358
76802
15218
40698
89931
87584
73112
12907
88692
32525
14950
48102
15108
06495
38205
87034
66969
93396
51542
78835
92455
68974
91010
46569
63386
55379
13677
28964
98187
76940
53388
22844
65039
08094
54918
88168
42549
53400
02964
27346
61724
47540
97210
55711
17525
74497
80789
46910
89820
67123
79975
52958
14217
53324
26476
59864
44718
56890
06916
52115
38618
35889
71377
99139
63043
40573
59640
04934
07940
93800
03678
55091
93551
12157
28354
45910
15548
82424
54754
15635
58331
62942
19060
63168
15911
78536
19574
05374
89511
58568
94360
09588
36751
88902
11855
26493
61636
60342
22623
93200
52438
90711
72251
49124
31021
16933
54247
74937
04278
94302
97380
31486
94326
63093
80302
51182
50775
18399
49964
51470
29440
89150
68040
38148
52090
39823
97931
00464
18458
45060
26881
97304
34976
21784
54908
35754
46985
44354
87826
55917
29590
95703
19114
89225
09932
28957
31038
41765
35410
69830
57886
18485
19111
79379
51662
45666
69771
55187
81506
27456
67779
89998
05690
41423
15591
45423
94716
25742
49958
53257
96906
25531
17098
73360
98837
19698
91246
71063
47805
21969
81536
71508
36886
45274
42635
42559
36268
37311
43565
34178
77550
87977
89573
67467
88057
04759
43309
22673
43783
06329
52993
97709
85223
58754
60010
21716
16226
87992
48681
00418
51057
70771
15373
57332
81157
09212
96662
52271
89282
81762
78381
37160
73198
66817
44689
09851
21309
74645
07077
41428
17897
11312
52252
58157
32652
48005
84484
18793
77201
37685
06385
73648
18548
80827
27144
88698
45219
85107
41646
07660
06508
34601
58294
68875
50169
20213
10464
81063
66415
31729
30250
41649
49191
71432
72265
30838
45407
58126
34008
30207
75245
06135
77465
29143
60320
96077
10909
64285
79590
06029
66484
60017
14183
73815
15327
09667
04803
44122
91101
50637
36620
32448
08479
35012
39368
82703
65515
94649
95746
80474
10933
93255
96839
30162
94322
13269
17588
73168
09581
15375
97249
82614
84208
78791
32595
76028
29729
23233
65471
86092
37345
20159
30044
41461
65223
04957
26356
69273
37215
24295
80686
90166
43241
34831
74590
45729
84228
81924
15413
88073
03279
18537
29751
12731
95890
53336
70179
72832
28103
09284
57058
50573
25836
92849
26693
28063
55279
19936
43259
01963
04335
12431
84934
69515
27228
17818
47194
79605
33234
49186
85774
33262
73134
40244
29418
63560
67540
66675
95042
82528
64035
82037
50256
28111
94556
37229
86374
46814
21649
10490
45536
34104
85002
90051
38656
75069
90079
76991
58819
02641
45629
19222
37154
75431
21550
38787
24764
88948
80452
27189
28798
04781
07701
63097
14715
98173
37981
59799
54840
17229
83074
34899
33303
63280
29930
55026
40200
47985
09968
62098
28280
96081
81396
55298
21815
63931
86684
45713
23455
66316
06772
62572
25526
08821
26008
20524
40882
43469
65868
93659
38482
69601
05745
06061
55158
65037
34514
27831
14039
64284
34586
39688
59529
40722
39747
22663
50643
28633
61060
64713
91164
95640
89902
81064
64505
10258
79397
60068
82726
41622
08461
77127
13437
68673
06739
09346
01955
77935
29554
42713
22261
41868
54139
24456
27166
54829
77221
68306
90176
42046
15562
35659
29084
06291
01583
85649
01976
19109
63502
29652
47553
37882
88053
48745
49932
32511
85882
51953
56818
85110
79004
41317
10373
69138
28293
44353
82359
24383
48759
17808
33739
85658
83667
37225
63031
77417
83105
54608
46067
36303
59653
26735
28306
64870
42610
67886
75363
68660
54985
45565
21735
59874
81843
56967
13567
49570
44828
59639
92536
87911
85867
20002
32423
06903
78179
78095
57234
54783
49572
76086
37098
69410
43138
80629
28052
94100
67864
14499
49673
70593
39746
54087
69343
65442
65835
06519
45921
71727
15849
87278
54181
86668
20639
34040
28858
50148
98720
70807
55401
87663
75507
22826
61053
18993
66671
14130
28723
10911
92062
05218
92267
13283
07707
23199
75490
11068
92452
02353
37079
68199
69026
53687
33026
27006
96340
29206
55892
19684
84238
69723
25691
82231
35353
22635
64513
24638
20240
38657
70693
51795
33856
77792
24551
03231
47831
18710
23247
32020
71001
71013
85895
62960
57325
47425
01662
84539
27823
63653
58417
14117
41162
62932
97312
57141
08055
66585
36252
18814
47893
33625
60497
51459
53349
58844
78506
92782
16233
41720
31764
40510
34520
35069
73983
39645
43629
06003
57705
84569
39066
18743
60237
38496
93528
24367
86561
64652
43274
86912
42805
76875
90693
30587
18837
87899
28285
05201
97199
70047
41433
27745
90766
42060
22925
48516
20643
12419
17872
43655
26708
48347
42864
65586
98378
26784
21972
55848
23563
61216
18382
25089
19791
57392
53801
99082
98108
68431
17650
27130
08363
75353
91080
59883
54326
76256
03759
15719
50868
89334
91087
70046
19357
77944
81736
61358
54507
68167
17137
88230
23796
13338
46200
44224
00263
68869
62162
73382
70655
12072
33162
55156
18455
99545
87669
24566
92713
92957
77326
32987
74603
19057
85779
87652
74608
19563
22922
80852
74851
54279
69867
93361
54699
63740
20493
12701
63370
88093
79328
78489
35142
17680
61026
94030
13794
20497
99272
73007
00555
52233
09438
18022
70328
71115
35615
80048
96683
65649
86992
43618
54259
35371
17905
97611
64339
75082
74437
97391
25903
34527
27633
58735
66263
41440
50501
61825
85364
53525
90752
35905
13036
70156
98376
97877
28550
59532
96401
22404
95056
34692
12847
54280
00769
79942
51392
94741
95445
97198
75181
14744
33200
60578
69984
69595
66639
60590
58112
85833
92281
24654
71492
84703
57405
84011
81920
74311
36958
17429
64083
53864
42906
16465
39486
07659
35658
94470
40965
52941
09935
36850
60768
17192
99423
40534
98451
30006
44884
00660
65287
00768
46094
63486
29094
42577
06659
24125
42072
49606
25492
69088
64164
95444
14354
39739
93397
71611
09816
87432
52071
46338
54611
29488
90366
32369
52221
27885
27961
41792
37447
33577
67300
43784
88529
95361
12787
87774
93470
48482
34194
04169
28970
68541
39704
95304
28303
02963
16819
62142
46426
65750
79075
14294
69448
54697
74516
03866
23242
12069
46523
94558
50589
61522
82462
39094
34186
62830
90275
87568
64995
33516
46717
47013
95281
40792
59513
75227
35386
94870
30377
73170
49249
87886
08364
18367
26143
92100
13986
64698
71200
60308
74471
34167
90102
41427
17447
64830
09787
91679
58549
39185
56096
89458
48523
66576
14323
53889
44045
86288
07829
51705
81461
80582
36188
88560
89825
11746
06735
95565
72171
91471
06637
21148
13938
94320
94595
26986
28209
22944
00512
93367
19723
36290
34096
19459
35784
77002
66445
67578
95422
97291
97435
91440
14821
74949
58152
98916
39626
11410
12425
45377
31423
79067
97800
16653
84373
08023
85475
02431
50858
38396
64880
52340
83549
50722
01025
45993
47660
41614
63150
55374
15753
03084
10917
23521
67441
85296
37728
72939
75088
13204
00356
74670
34676
91007
58860
33353
20471
42614
87227
11438
68487
90894
38786
93793
88483
56172
56100
27856
78694
84465
90906
07957
49607
99964
32380
91439
46472
53350
93282
03299
74508
88421
11958
40177
03739
91764
91349
62632
01676
99059
28681
27749
57934
66548
31435
06655
83853
88604
51604
41807
20220
07855
56757
09933
76659
70599
69859
43277
45153
75635
09702
70680
31927
87365
03598
31632
25469
03582
97718
23995
45127
17685
38024
27785
94686
55900
41161
50099
13892
98644
11110
07875
04069
93180
57203
76612
74196
56254
11887
67002
85433
19004
04947
18014
41924
01819
87596
83214
50093
16902
91524
76944
57576
70476
47373
62030
90605
47231
92378
26929
53308
37784
37918
31092
66936
07638
58508
22915
09613
81951
11760
57016
60794
58156
26766
57353
53520
34578
49638
89423
05947
22229
89832
64879
98050
09775
93817
61043
62426
22094
03651
76003
38029
22341
53193
48794
93799
17553
94333
32637
27907
09013
82197
05475
90773
99738
95493
22497
52108
05484
59489
75705
86599
56970
01146
89909
28698
11720
17116
94888
58429
84956
00364
61793
11101
41114
45096
21143
10976
45584
15745
85290
37368
74340
95380
93774
46149
43833
46860
50785
87290
47675
54066
36068
15564
76295
68935
62571
23561
27916
86237
66740
79161
51882
99813
53457
66109
26538
47848
27686
39876
06253
76589
13292
42948
22262
63583
67105
44361
09195
15014
33890
33855
61923
97386
43314
29581
88489
16856
65569
81487
07195
78290
31542
91328
51834
27271
39436
06670
74032
88178
23235
75221
95018
31750
05075
90151
91737
96589
54455
23776
53054
27253
12283
89117
46114
02083
23357
50531
16515
32338
45822
92676
97252
84953
15106
23280
63452
27872
59111
23928
90653
30426
90053
10709
83679
54995
04468
75492
74797
79834
16400
42943
69641
71551
88295
94629
08362
86089
40633
22077
76520
29716
44790
83612
62763
98479
63500
93004
95401
10667
07339
83155
57831
93328
19988
60384
48611
28791
47116
55415
87816
49800
08765
67042
93612
05463
09675
43664
31352
72932
07041
63978
48337
61459
28541
57984
54738
06445
49023
34218
36822
82085
46288
64319
00348
54737
55392
16530
47032
02535
65922
28084
21889
25976
25090
53943
68521
21739
23417
35507
05265
47975
53530
71288
20122
91967
41894
82114
11909
66214
61944
93401
49672
64428
54781
99553
55386
84420
10977
66359
86350
41648
05828
22642
17743
79569
45805
44787
31989
85084
93261
63866
05925
77125
12146
74250
72153
44309
98627
47145
92551
77359

Liam
Noah
Oliver
William
Elijah
James
Benjamin
Lucas
Mason
Ethan
Alexander
Henry
Jacob
Michael
Daniel
Logan
Jackson
Sebastian
Jack
Aiden
Owen
Samuel
Matthew
Joseph
Levi
Mateo
David
John
Wyatt
Carter
Julian
Luke
Grayson
Isaac
Jayden
Theodore
Gabriel
Anthony
Dylan
Leo
Lincoln
Jaxon
Asher
Christopher
Josiah
Andrew
Thomas
Joshua
Ezra
Hudson
Charles
Caleb
Isaiah
Ryan
Nathan
Adrian
Christian
Maverick
Colton
Elias
Aaron
Eli
Landon
Jonathan
Nolan
Hunter
Cameron
Connor
Santiago
Jeremiah
Ezekiel
Angel
Roman
Easton
Miles
Robert
Jameson
Nicholas
Greyson
Cooper
Ian
Carson
Axel
Jaxson
Dominic
Leonardo
Luca
Austin
Jordan
Adam
Xavier
Jose
Jace
Everett
Declan
Evan
Kayden
Parker
Wesley
Kai
Brayden
Bryson
Weston
Jason
Emmett
Sawyer
Silas
Bennett
Brooks
Micah
Damian
Harrison
Waylon
Ayden
Vincent
Ryder
Kingston
Rowan
George
Luis
Chase
Cole
Nathaniel
Zachary
Ashton
Braxton
Gavin
Tyler
Diego
Bentley
Amir
Beau
Gael
Carlos
Ryker
Jasper
Max
Juan
Ivan
Brandon
Jonah
Giovanni
Kaiden
Myles
Calvin
Lorenzo
Maxwell
Jayce
Kevin
Legend
Tristan
Jesus
Jude
Zion
Justin
Maddox
Abel
King
Camden
Elliott
Malachi
Milo
Emmanuel
Karter
Rhett
Alex
August
River
Xander
Antonio
Brody
Finn
Elliot
Dean
Emiliano

Eric
Miguel
Arthur
Matteo
Graham
Alan
Nicolas
Blake
Thiago
Adriel
Victor
Joel
Timothy
Hayden
Judah
Abraham
Edward
Messiah
Zayden
Theo
Tucker
Grant
Richard
Alejandro
Steven
Jesse
Dawson
Bryce
Avery
Oscar
Patrick
Archer
Barrett
Leon
Colt
Charlie
Peter
Kaleb
Lukas
Beckett
Jeremy
Preston
Enzo
Luka
Andres
Marcus
Felix
Mark
Ace
Brantley
Atlas
Remington
Maximus
Matias
Walker
Kyrie
Griffin
Kenneth
Israel
Javier
Kyler
Jax
Amari
Zane
Emilio
Knox
Adonis
Aidan
Kaden
Paul
Omar
Brian
Louis
Caden
Maximiliano
Holden
Paxton
Nash
Bradley
Bryan
Simon
Phoenix
Lane
Josue
Colin
Rafael
Kyle
Riley
Jorge
Beckham
Cayden
Jaden
Emerson
Ronan
Karson
Arlo
Tobias
Brady
Clayton
Francisco
Zander
Erick
Walter
Daxton
Cash
Martin
Damien
Dallas
Cody
Chance
Jensen
Finley
Jett
Corbin
Kash
Reid
Kameron
Andre
Gunner
Jake
Hayes
Manuel
Prince
Bodhi
Cohen
Sean
Khalil
Hendrix
Derek
Cristian
Cruz
Kairo
Dante
Atticus
Killian
Stephen
Orion
Malakai
Ali
Eduardo
Fernando
Anderson
Angelo
Spencer
Gideon
Mario
Titus
Travis
Rylan
Kayson
Ricardo
Tanner
Malcolm
Raymond
Odin
Cesar
Lennox
Joaquin
Kane
Wade
Muhammad
Iker
Jaylen
Crew
Zayn
Hector
Ellis
Leonel
Cairo
Garrett
Romeo
Dakota
Edwin
Warren
Julius
Major
Donovan

Caiden
Tyson
Nico
Sergio
Nasir
Rory
Devin
Jaiden
Jared
Kason
Malik
Jeffrey
Ismael
Elian
Marshall
Lawson
Desmond
Winston
Nehemiah
Ari
Conner
Jay
Kade
Andy
Johnny
Jayceon
Marco
Seth
Ibrahim
Raiden
Collin
Edgar
Erik
Troy
Clark
Jaxton
Johnathan
Gregory
Russell
Royce
Fabian
Ezequiel
Noel
Pablo
Cade
Pedro
Sullivan
Trevor
Reed
Quinn
Frank
Harvey
Princeton
Zayne
Matthias
Conor
Sterling
Dax
Grady
Cyrus
Gage
Leland
Solomon
Emanuel
Niko
Ruben
Kasen
Mathias
Kashton
Franklin
Remy
Shane
Kendrick
Shawn
Otto
Armani
Keegan
Finnegan
Memphis
Bowen
Dominick
Kolton
Jamison
Allen
Philip
Tate
Peyton
Jase
Oakley
Rhys
Kyson
Adan
Esteban
Dalton
Gianni
Callum
Sage
Alexis
Milan
Moises
Jonas
Uriel
Colson
Marcos
Zaiden
Hank
Damon
Hugo
Ronin
Royal
Kamden
Dexter
Luciano
Alonzo
Augustus
Kamari
Eden
Roberto
Baker
Bruce
Kian
Albert
Frederick
Mohamed
Abram
Omari
Porter
Enrique
Alijah
Francis
Leonidas
Zachariah
Landen
Wilder
Apollo
Santino
Tatum
Pierce
Forrest
Corey
Derrick
Isaias
Kaison
Kieran
Arjun
Gunnar
Rocco
Emmitt
Abdiel
Braylen
Maximilian
Skyler
Phillip
Benson
Cannon
Deacon
Dorian
Asa
Moses
Ayaan
Jayson
Raul
Briggs
Armando
Nikolai
Cassius
Drew
Rodrigo
Raphael
Danny
Conrad
Moshe
Zyaire

Julio
Casey
Ronald
Scott
Callan
Roland
Saul
Jalen
Brycen
Ryland
Lawrence
Davis
Rowen
Zain
Ermias
Jaime
Duke
Stetson
Alec
Yusuf
Case
Trenton
Callen
Ariel
Jasiah
Soren
Dennis
Donald
Keith
Izaiah
Lewis
Kylan
Kobe
Makai
Rayan
Ford
Zaire
Landyn
Roy
Bo
Chris
Jamari
Ares
Mohammad
Darius
Drake
Tripp
Marcelo
Samson
Dustin
Layton
Gerardo
Johan
Kaysen
Keaton
Reece
Chandler
Lucca
Mack
Baylor
Kannon
Marvin
Huxley
Nixon
Tony
Cason
Mauricio
Quentin
Edison
Quincy
Ahmed
Finnley
Justice
Taylor
Gustavo
Brock
Ahmad
Kyree
Arturo
Nikolas
Boston
Sincere
Alessandro
Braylon
Colby
Leonard
Ridge
Trey
Aden
Leandro
Sam
Uriah
Ty
Sylas
Axton
Issac
Fletcher
Julien
Wells
Alden
Vihaan
Jamir
Valentino
Shepherd
Keanu
Hezekiah
Lionel
Kohen
Zaid
Alberto
Neil
Denver
Aarav
Brendan
Dillon
Koda
Sutton
Kingsley
Sonny
Alfredo
Wilson
Harry
Jaziel
Salvador
Cullen
Hamza
Dariel
Rex
Zeke
Mohammed
Nelson
Boone
Ricky
Santana
Cayson
Lance
Raylan
Lucian
Eliel
Alvin
Jagger
Braden
Curtis
Mathew
Jimmy
Kareem
Archie
Amos
Quinton
Yosef
Bodie
Jerry
Langston
Axl
Stanley
Clay
Douglas
Layne
Titan
Tomas
Houston
Darren
Lachlan
Kase
Korbin
Leighton
Joziah
Samir
Watson
Colten
Roger
Shiloh
Tommy
Mitchell
Azariah
Noe
Talon
Deandre

Lochlan
Joe
Carmelo
Otis
Randy
Byron
Chaim
Lennon
Devon
Nathanael
Bruno
Aryan
Flynn
Vicente
Brixton
Kyro
Brennan
Casen
Kenzo
Orlando
Castiel
Rayden
Ben
Grey
Jedidiah
Tadeo
Morgan
Augustine
Mekhi
Abdullah
Ramon
Saint
Emery
Maurice
Jefferson
Maximo
Koa
Ray
Jamie
Eddie
Guillermo
Onyx
Thaddeus
Wayne
Hassan
Alonso
Dash
Elisha
Jaxxon
Rohan
Carl
Kelvin
Jon
Larry
Reese
Aldo
Marcel
Melvin
Yousef
Aron
Kace
Vincenzo
Kellan
Miller
Jakob
Reign
Kellen
Kristopher
Ernesto
Briar
Gary
Trace
Joey
Clyde
Enoch
Jaxx
Crosby
Magnus
Fisher
Jadiel
Bronson
Eugene
Lee
Brecken
Atreus
Madden
Khari
Caspian
Ishaan
Kristian
Westley
Hugh
Kamryn
Musa
Rey
Thatcher
Alfred
Emory
Kye
Reyansh
Yahir
Cain
Mordechai
Zayd
Demetrius
Harley
Felipe
Louie
Branson
Graysen
Allan
Kole
Harold
Alvaro
Harlan
Amias
Brett
Khalid
Misael
Westin
Zechariah
Aydin
Kaiser
Lian
Bryant
Junior
Legacy
Ulises
Bellamy
Brayan
Kody
Ledger
Eliseo
Gordon
London
Rocky
Valentin
Terry
Damari
Trent
Bentlee
Canaan
Gatlin
Kiaan
Franco
Eithan
Idris
Krew
Yehuda
Marlon
Rodney
Creed
Salvatore
Stefan
Tristen
Adrien
Jamal
Judson
Camilo
Kenny
Nova
Robin
Rudy
Van
Bjorn
Brodie
Mac
Jacoby
Sekani
Vivaan
Blaine
Ira
Ameer
Dominik
Alaric
Dane
Jeremias

Kyng
Reginald
Bobby
Kabir
Jairo
Alexzander
Benicio
Vance
Wallace
Zavier
Billy
Callahan
Dakari
Gerald
Turner
Bear
Jabari
Cory
Fox
Harlem
Jakari
Jeffery
Maxton
Ronnie
Yisroel
Zakai
Bridger
Remi
Arian
Blaze
Forest
Genesis
Jerome
Reuben
Wesson
Anders
Banks
Calum
Dayton
Kylen
Dangelo
Emir
Malakhi
Salem
Blaise
Tru
Boden
Kolten
Kylo
Aries
Henrik
Kalel
Landry
Marcellus
Zahir
Lyle
Dario
Rene
Terrance
Xzavier
Alfonso
Darian
Kylian
Maison
Foster
Keenan
Yahya
Heath
Javion
Jericho
Aziel
Darwin
Marquis
Mylo
Ambrose
Anakin
Jordy
Juelz
Toby
Yael
Azrael
Brentley
Tristian
Bode
Jovanni
Santos
Alistair
Braydon
Kamdyn
Marc
Mayson
Niklaus
Simeon
Colter
Davion
Leroy
Ayan
Dilan
Ephraim
Anson
Merrick
Wes
Will
Jaxen
Maxim
Howard
Jad
Jesiah
Ignacio
Zyon
Ahmir
Jair
Mustafa
Jermaine
Yadiel
Aayan
Dhruv
Seven
Stone
Rome

Emma
Olivia
Ava
Isabella
Sophia
Mia
Charlotte
Amelia
Evelyn
Abigail
Harper
Emily
Elizabeth
Avery
Sofia
Ella
Madison
Scarlett
Victoria
Aria
Grace
Chloe
Camila
Penelope
Riley
Layla
Lillian
Nora
Zoey
Mila
Aubrey
Hannah
Lily
Addison
Eleanor
Natalie
Luna
Savannah
Brooklyn
Leah
Zoe
Stella
Hazel
Ellie
Paisley
Audrey
Skylar
Violet
Claire
Bella
Aurora
Lucy
Anna
Samantha
Caroline
Genesis
Aaliyah
Kennedy
Kinsley
Allison
Maya
Sarah
Madelyn
Adeline
Alexa
Ariana
Elena
Gabriella
Naomi
Alice
Sadie
Hailey
Eva
Emilia
Autumn
Quinn
Nevaeh
Piper
Ruby
Serenity
Willow
Everly
Cora
Kaylee
Lydia
Aubree
Arianna
Eliana
Peyton
Melanie
Gianna
Isabelle
Julia
Valentina
Nova
Clara
Vivian
Reagan
Mackenzie
Madeline
Brielle
Delilah
Isla
Rylee
Katherine
Sophie
Josephine
Ivy
Liliana
Jade
Maria
Taylor
Hadley
Kylie
Emery
Adalynn
Natalia
Annabelle
Faith
Alexandra
Ximena
Ashley
Brianna
Raelynn
Bailey
Mary
Athena
Andrea
Leilani
Jasmine
Lyla
Margaret
Alyssa
Adalyn
Arya
Norah
Khloe
Kayla
Eden
Eliza
Rose
Ariel
Melody
Alexis
Isabel
Sydney
Juliana
Lauren
Iris
Emerson
London
Morgan
Lilly
Charlie
Aliyah
Valeria
Arabella
Sara
Finley
Trinity
Ryleigh
Jordyn
Jocelyn
Kimberly
Esther
Molly
Valerie
Cecilia
Anastasia
Daisy
Reese
Laila
Mya
Amy
Teagan
Amaya
Elise
Harmony
Paige
Adaline
Fiona
Alaina
Nicole
Genevieve
Lucia
Alina
Mckenzie
Callie
Payton
Eloise
Brooke
Londyn
Mariah
Julianna
Rachel
Daniela
Gracie
Catherine
Angelina
Presley
Josie
Harley
Adelyn
Vanessa
Makayla
Parker
Juliette
Amara
Marley
Lila
Ana
Rowan
Alana
Michelle
Malia
Rebecca
Brooklynn
Brynlee
Summer
Sloane
Leila
Sienna
Adriana
Sawyer
Kendall
Juliet
Destiny
Alayna
Elliana
Diana
Hayden
Ayla
Dakota
Angela
Noelle
Rosalie
Joanna
Jayla
Alivia
Lola
Emersyn
Georgia
Selena
June
Daleyza
Tessa
Maggie
Jessica
Remi
Delaney
Camille
Vivienne
Hope
Mckenna
Gemma
Olive
Alexandria
Blakely
Izabella
Catalina
Raegan
Journee
Gabrielle
Lucille
Ruth
Amiyah
Evangeline
Blake
Thea
Amina
Giselle
Lilah
Melissa
River
Kate
Adelaide
Charlee
Vera
Leia
Gabriela
Zara
Jane
Journey
Elaina
Miriam
Briella
Stephanie
Cali
Ember
Lilliana
Aniyah
Logan
Kamila
Brynn
Ariella
Makenzie
Annie
Mariana
Kali
Haven
Elsie
Nyla
Paris
Lena
Freya
Adelynn
Lyric
Camilla
Sage
Jennifer
Paislee
Talia
Alessandra
Juniper
Fatima
Raelyn
Amira
Arielle
Phoebe
Kinley
Ada
Nina
Ariah
Samara
Myla
Brinley
Cassidy
Maci
Aspen
Allie
Keira
Kaia
Makenna
Amanda
Heaven
Joy
Lia
Madilyn
Gracelyn
Laura
Evelynn
Lexi
Haley
Miranda
Kaitlyn
Daniella
Felicity
Jacqueline
Evie
Angel
Danielle
Ainsley
Dylan
Kiara
Millie
Jordan
Maddison
Rylie
Alicia
Maeve
Margot
Kylee
Phoenix
Heidi
Zuri
Alondra
Lana
Madeleine
Gracelynn
Kenzie
Miracle
Shelby
Elle
Adrianna
Bianca
Addilyn
Kira
Veronica
Gwendolyn
Esmeralda
Chelsea
Alison
Skyler
Magnolia
Daphne
Jenna
Everleigh
Kyla
Braelynn
Harlow
Annalise
Mikayla
Dahlia
Maliyah
Averie
Scarlet
Kayleigh
Luciana
Kelsey
Nadia
Amber
Gia
Kamryn
Yaretzi
Carmen
Jimena
Erin
Christina
Katie
Ryan
Viviana
Alexia
Anaya
Serena
Katelyn
Ophelia
Regina
Helen
Remington
Camryn
Cadence
Royalty
Amari
Kathryn
Skye
Emely
Jada
Ariyah
Aylin
Saylor
Kendra
Cheyenne
Fernanda
Sabrina
Francesca
Eve
Mckinley
Frances
Sarai
Carolina
Kennedi
Nylah
Tatum
Alani
Lennon
Raven
Zariah
Leslie
Winter
Abby
Mabel
Sierra
April
Willa
Carly
Jolene
Rosemary
Aviana
Madelynn
Selah
Renata
Lorelei
Briana
Celeste
Wren
Charleigh
Leighton
Annabella
Jayleen
Braelyn
Ashlyn
Jazlyn
Mira
Oakley
Malaysia
Edith
Avianna
Maryam
Emmalyn
Hattie
Kensley
Macie
Bristol
Marlee
Demi
Cataleya
Maia
Sylvia
Itzel
Allyson
Lilith
Melany
Kaydence
Holly
Nayeli
Meredith
Nia
Liana
Megan
Justice
Bethany
Alejandra
Janelle
Elisa
Adelina
Ashlynn
Elianna
Aleah
Myra
Lainey
Blair
Kassidy
Charley
Virginia
Kara
Helena
Sasha
Julie
Michaela
Carter
Matilda
Kehlani
Henley
Maisie
Hallie
Jazmin
Priscilla
Marilyn
Cecelia
Danna
Colette
Baylee
Elliott
Ivanna
Cameron
Celine
Alayah
Hanna
Imani
Angelica
Emelia
Kalani
Alanna
Lorelai
Macy
Karina
Addyson
Aleena
Aisha
Johanna
Mallory
Leona
Mariam
Kynlee
Madilynn
Karen
Karla
Skyla
Beatrice
Dayana
Gloria
Milani
Savanna
Karsyn
Rory
Giuliana
Lauryn
Liberty
Galilea
Aubrie
Charli
Kyleigh
Brylee
Jillian
Anne
Haylee
Dallas
Azalea
Jayda
Tiffany
Avah
Shiloh
Bailee
Jazmine
Esme
Coraline
Madisyn
Elaine
Lilian
Kyra
Kaliyah
Kora
Octavia
Irene
Kelly
Lacey
Laurel
Adley
Anika
Janiyah
Dorothy
Sutton
Julieta
Kimber
Remy
Cassandra
Rebekah
Collins
Elliot
Emmy
Sloan
Hayley
Amalia
Jemma
Jamie
Melina
Leyla
Jaylah
Anahi
Jaliyah
Kailani
Harlee
Wynter
Saige
Alessia
Monica
Anya
Antonella
Emberly
Khaleesi
Ivory
Greta
Maren
Alena
Emory
Alaia
Cynthia
Addisyn
Alia
Lylah
Angie
Ariya
Alma
Crystal
Jayde
Aileen
Kinslee
Siena
Zelda
Katalina
Marie
Pearl
Reyna
Mae
Zahra
Kailey
Jessie
Tiana
Amirah
Madalyn
Alaya
Lilyana
Julissa
Armani
Lennox
Lillie
Jolie
Laney
Roselyn
Mara
Joelle
Rosa
Kaylani
Bridget
Liv
Oaklyn
Aurelia
Clarissa
Elyse
Marissa
Monroe
Kori
Elsa
Rosie
Amelie
Aitana
Aliza
Eileen
Poppy
Emmie
Braylee
Milana
Addilynn
Royal
Chaya
Frida
Bonnie
Amora
Stevie
Tatiana
Malaya
Mina
Emerie
Reign
Zaylee
Annika
Kenia
Linda
Kenna
Faye
Reina
Brittany
Marina
Astrid
Kadence
Mikaela
Jaelyn
Briar
Kaylie
Teresa
Bria
Hadassah
Lilianna
Guadalupe
Rayna
Chanel
Lyra
Noa
Zariyah
Laylah
Aubrielle
Aniya
Livia
Ellen
Meadow
Amiya
Ellis
Elora
Milan
Hunter
Princess
Leanna
Nathalie
Clementine
Nola
Tenley
Simone
Lina
Marianna
Martha
Sariah
Louisa
Noemi
Emmeline
Kenley
Belen
Erika
Myah
Lara
Amani
Ansley
Everlee
Maleah
Salma
Jaelynn
Kiera
Dulce
Nala
Natasha
Averi
Mercy
Penny
Ariadne
Deborah
Elisabeth
Zaria
Hana
Kairi
Yareli
Raina
Ryann
Lexie
Thalia
Karter
Annabel
Christine
Estella
Keyla
Adele
Aya
Estelle
Landry
Tori
Perla
Lailah
Miah
Rylan
Angelique
Avalynn
Romina
Ari
Jaycee
Jaylene
Kai
Louise
Mavis
Scarlette
Belle
Lea
Nalani
Rivka
Ayleen
Calliope
Dalary
Zaniyah
Kaelyn
Sky
Jewel
Joselyn
Madalynn
Paola
Giovanna
Isabela
Karlee
Aubriella
Azariah
Tinley
Dream
Claudia
Corinne
Erica
Milena
Aliana
Kallie
Alyson
Joyce
Tinsley
Whitney
Emilee
Paisleigh
Carolyn
Jaylee
Zoie
Frankie
Andi
Judith
Paula
Xiomara
Aiyana
Amia
Analia
Audrina
Hadlee
Rayne
Amayah
Cara
Celia
Lyanna
Opal
Amaris
Clare
Gwen
Giana
Veda
Alisha
Davina
Rhea
Sariyah
Noor
Danica
Kathleen
Lillianna
Lindsey
Maxine
Paulina
Hailee
Harleigh
Nancy
Jessa
Raquel
Raylee
Zainab
Chana
Lisa
Heavenly
Oaklynn
Aminah
Emmalynn
Patricia
India
Janessa
Paloma
Ramona
Sandra
Abril
Emmaline
Itzayana
Kassandra
Vienna
Marleigh
Kailyn
Novalee
Rosalyn
Hadleigh
Luella
Taliyah
Avalyn
Barbara
Iliana
Jana
Meilani
Aadhya
Alannah
Blaire
Brenda
Casey
Selene
Lizbeth
Adrienne
Annalee
Malani
Aliya
Miley
Nataly
Bexley
Joslyn
Maliah
Zion
Breanna
Melania
Estrella
Ingrid
Jayden
Kaya
Kaylin
Harmoni
Arely
Jazlynn
Kiana
Dana
Mylah
Oaklee
Ailani
Kailee
Legacy
Marjorie
Paityn
Courtney
Ellianna
Jurnee
Karlie
Evalyn
Holland
Kenya
Magdalena
Carla
Halle
Aryanna
Kaiya
Kimora
Naya
Saoirse
Susan
Desiree
Ensley
Renee
Esperanza
Treasure
Caylee
Ellison
Kristina
Adilynn
Anabelle
Egypt
Spencer
Tegan
Aranza
Vada
Emerald
Florence
Marlowe
Micah
Sonia
Sunny
Tara
Riya
Yara
Alisa
Nathalia
Yamileth
Saanvi
Samira
Sylvie
Brenna
Carlee
Jenny
Miya
Monserrat
Zendaya
Alora

Emma
Olivia
Ava
Isabella
Sophia
Mia
Charlotte
Amelia
Evelyn
Abigail
Harper
Emily
Elizabeth
Avery
Sofia
Ella
Madison
Scarlett
Victoria
Aria
Grace
Chloe
Camila
Penelope
Riley
Layla
Lillian
Nora
Zoey
Mila
Aubrey
Hannah
Lily
Addison
Eleanor
Natalie
Luna
Savannah
Brooklyn
Leah
Zoe
Stella
Hazel
Ellie
Paisley
Audrey
Skylar
Violet
Claire
Bella
Aurora
Lucy
Anna
Samantha
Caroline
Genesis
Aaliyah
Kennedy
Kinsley
Allison
Maya
Sarah
Madelyn
Adeline
Alexa
Ariana
Elena
Gabriella
Naomi
Alice
Sadie
Hailey
Eva
Emilia
Autumn
Quinn
Nevaeh
Piper
Ruby
Serenity
Willow
Everly
Cora
Kaylee
Lydia
Aubree
Arianna
Eliana
Peyton
Melanie
Gianna
Isabelle
Julia
Valentina
Nova
Clara
Vivian
Reagan
Mackenzie
Madeline
Brielle
Delilah
Isla
Rylee
Katherine
Sophie
Josephine
Ivy
Liliana
Jade
Maria
Taylor
Hadley
Kylie
Emery
Adalynn
Natalia
Annabelle
Faith
Alexandra
Ximena
Ashley
Brianna
Raelynn
Bailey
Mary
Athena
Andrea
Leilani
Jasmine
Lyla
Margaret
Alyssa
Adalyn
Arya
Norah
Khloe
Kayla
Eden
Eliza
Rose
Ariel
Melody
Alexis
Isabel
Sydney
Juliana
Lauren
Iris
Emerson
London
Morgan
Lilly
Charlie
Aliyah
Valeria
Arabella
Sara
Finley
Trinity
Ryleigh
Jordyn
Jocelyn
Kimberly
Esther
Molly
Valerie
Cecilia
Anastasia
Daisy
Reese
Laila
Mya
Amy
Teagan
Amaya
Elise
Harmony
Paige
Adaline
Fiona
Alaina
Nicole
Genevieve
Lucia
Alina
Mckenzie
Callie
Payton
Eloise
Brooke
Londyn
Mariah
Julianna
Rachel
Daniela
Gracie
Catherine
Angelina
Presley
Josie
Harley
Adelyn
Vanessa
Makayla
Parker
Juliette
Amara
Marley
Lila
Ana
Rowan
Alana
Michelle
Malia
Rebecca
Brooklynn
Brynlee
Summer
Sloane
Leila
Sienna
Adriana
Sawyer
Kendall
Juliet
Destiny
Alayna
Elliana
Diana
Hayden
Ayla
Dakota
Angela
Noelle
Rosalie
Joanna
Jayla
Alivia
Lola
Emersyn
Georgia
Selena
June
Daleyza
Tessa
Maggie
Jessica
Remi
Delaney
Camille
Vivienne
Hope
Mckenna
Gemma
Olive
Alexandria
Blakely
Izabella
Catalina
Raegan
Journee
Gabrielle
Lucille
Ruth
Amiyah
Evangeline
Blake
Thea
Amina
Giselle
Lilah
Melissa
River
Kate
Adelaide
Charlee
Vera
Leia
Gabriela
Zara
Jane
Journey
Elaina
Miriam
Briella
Stephanie
Cali
Ember
Lilliana
Aniyah
Logan
Kamila
Brynn
Ariella
Makenzie
Annie
Mariana
Kali
Haven
Elsie
Nyla
Paris
Lena
Freya
Adelynn
Lyric
Camilla
Sage
Jennifer
Paislee
Talia
Alessandra
Juniper
Fatima
Raelyn
Amira
Arielle
Phoebe
Kinley
Ada
Nina
Ariah
Samara
Myla
Brinley
Cassidy
Maci
Aspen
Allie
Keira
Kaia
Makenna
Amanda
Heaven
Joy
Lia
Madilyn
Gracelyn
Laura
Evelynn
Lexi
Haley
Miranda
Kaitlyn
Daniella
Felicity
Jacqueline
Evie
Angel
Danielle
Ainsley
Dylan
Kiara
Millie
Jordan
Maddison
Rylie
Alicia
Maeve
Margot
Kylee
Phoenix
Heidi
Zuri
Alondra
Lana
Madeleine
Gracelynn
Kenzie
Miracle
Shelby
Elle
Adrianna
Bianca
Addilyn
Kira
Veronica
Gwendolyn
Esmeralda
Chelsea
Alison
Skyler
Magnolia
Daphne
Jenna
Everleigh
Kyla
Braelynn
Harlow
Annalise
Mikayla
Dahlia
Maliyah
Averie
Scarlet
Kayleigh
Luciana
Kelsey
Nadia
Amber
Gia
Kamryn
Yaretzi
Carmen
Jimena
Erin
Christina
Katie
Ryan
Viviana
Alexia
Anaya
Serena
Katelyn
Ophelia
Regina
Helen
Remington
Camryn
Cadence
Royalty
Amari
Kathryn
Skye
Emely
Jada
Ariyah
Aylin
Saylor
Kendra
Cheyenne
Fernanda
Sabrina
Francesca
Eve
Mckinley
Frances
Sarai
Carolina
Kennedi
Nylah
Tatum
Alani
Lennon
Raven
Zariah
Leslie
Winter
Abby
Mabel
Sierra
April
Willa
Carly
Jolene
Rosemary
Aviana
Madelynn
Selah
Renata
Lorelei
Briana
Celeste
Wren
Charleigh
Leighton
Annabella
Jayleen
Braelyn
Ashlyn
Jazlyn
Mira
Oakley
Malaysia
Edith
Avianna
Maryam
Emmalyn
Hattie
Kensley
Macie
Bristol
Marlee
Demi
Cataleya
Maia
Sylvia
Itzel
Allyson
Lilith
Melany
Kaydence
Holly
Nayeli
Meredith
Nia
Liana
Megan
Justice
Bethany
Alejandra
Janelle
Elisa
Adelina
Ashlynn
Elianna
Aleah
Myra
Lainey
Blair
Kassidy
Charley
Virginia
Kara
Helena
Sasha
Julie
Michaela
Carter
Matilda
Kehlani
Henley
Maisie
Hallie
Jazmin
Priscilla
Marilyn
Cecelia
Danna
Colette
Baylee
Elliott
Ivanna
Cameron
Celine
Alayah
Hanna
Imani
Angelica
Emelia
Kalani
Alanna
Lorelai
Macy
Karina
Addyson
Aleena
Aisha
Johanna
Mallory
Leona
Mariam
Kynlee
Madilynn
Karen
Karla
Skyla
Beatrice
Dayana
Gloria
Milani
Savanna
Karsyn
Rory
Giuliana
Lauryn
Liberty
Galilea
Aubrie
Charli
Kyleigh
Brylee
Jillian
Anne
Haylee
Dallas
Azalea
Jayda
Tiffany
Avah
Shiloh
Bailee
Jazmine
Esme
Coraline
Madisyn
Elaine
Lilian
Kyra
Kaliyah
Kora
Octavia
Irene
Kelly
Lacey
Laurel
Adley
Anika
Janiyah
Dorothy
Sutton
Julieta
Kimber
Remy
Cassandra
Rebekah
Collins
Elliot
Emmy
Sloan
Hayley
Amalia
Jemma
Jamie
Melina
Leyla
Jaylah
Anahi
Jaliyah
Kailani
Harlee
Wynter
Saige
Alessia
Monica
Anya
Antonella
Emberly
Khaleesi
Ivory
Greta
Maren
Alena
Emory
Alaia
Cynthia
Addisyn
Alia
Lylah
Angie
Ariya
Alma
Crystal
Jayde
Aileen
Kinslee
Siena
Zelda
Katalina
Marie
Pearl
Reyna
Mae
Zahra
Kailey
Jessie
Tiana
Amirah
Madalyn
Alaya
Lilyana
Julissa
Armani
Lennox
Lillie
Jolie
Laney
Roselyn
Mara
Joelle
Rosa
Kaylani
Bridget
Liv
Oaklyn
Aurelia
Clarissa
Elyse
Marissa
Monroe
Kori
Elsa
Rosie
Amelie
Aitana
Aliza
Eileen
Poppy
Emmie
Braylee
Milana
Addilynn
Royal
Chaya
Frida
Bonnie
Amora
Stevie
Tatiana
Malaya
Mina
Emerie
Reign
Zaylee
Annika
Kenia
Linda
Kenna
Faye
Reina
Brittany
Marina
Astrid
Kadence
Mikaela
Jaelyn
Briar
Kaylie
Teresa
Bria
Hadassah
Lilianna
Guadalupe
Rayna
Chanel
Lyra
Noa
Zariyah
Laylah
Aubrielle
Aniya
Livia
Ellen
Meadow
Amiya
Ellis
Elora
Milan
Hunter
Princess
Leanna
Nathalie
Clementine
Nola
Tenley
Simone
Lina
Marianna
Martha
Sariah
Louisa
Noemi
Emmeline
Kenley
Belen
Erika
Myah
Lara
Amani
Ansley
Everlee
Maleah
Salma
Jaelynn
Kiera
Dulce
Nala
Natasha
Averi
Mercy
Penny
Ariadne
Deborah
Elisabeth
Zaria
Hana
Kairi
Yareli
Raina
Ryann
Lexie
Thalia
Karter
Annabel
Christine
Estella
Keyla
Adele
Aya
Estelle
Landry
Tori
Perla
Lailah
Miah
Rylan
Angelique
Avalynn
Romina
Ari
Jaycee
Jaylene
Kai
Louise
Mavis
Scarlette
Belle
Lea
Nalani
Rivka
Ayleen
Calliope
Dalary
Zaniyah
Kaelyn
Sky
Jewel
Joselyn
Madalynn
Paola
Giovanna
Isabela
Karlee
Aubriella
Azariah
Tinley
Dream
Claudia
Corinne
Erica
Milena
Aliana
Kallie
Alyson
Joyce
Tinsley
Whitney
Emilee
Paisleigh
Carolyn
Jaylee
Zoie
Frankie
Andi
Judith
Paula
Xiomara
Aiyana
Amia
Analia
Audrina
Hadlee
Rayne
Amayah
Cara
Celia
Lyanna
Opal
Amaris
Clare
Gwen
Giana
Veda
Alisha
Davina
Rhea
Sariyah
Noor
Danica
Kathleen
Lillianna
Lindsey
Maxine
Paulina
Hailee
Harleigh
Nancy
Jessa
Raquel
Raylee
Zainab
Chana
Lisa
Heavenly
Oaklynn
Aminah
Emmalynn
Patricia
India
Janessa
Paloma
Ramona
Sandra
Abril
Emmaline
Itzayana
Kassandra
Vienna
Marleigh
Kailyn
Novalee
Rosalyn
Hadleigh
Luella
Taliyah
Avalyn
Barbara
Iliana
Jana
Meilani
Aadhya
Alannah
Blaire
Brenda
Casey
Selene
Lizbeth
Adrienne
Annalee
Malani
Aliya
Miley
Nataly
Bexley
Joslyn
Maliah
Zion
Breanna
Melania
Estrella
Ingrid
Jayden
Kaya
Kaylin
Harmoni
Arely
Jazlynn
Kiana
Dana
Mylah
Oaklee
Ailani
Kailee
Legacy
Marjorie
Paityn
Courtney
Ellianna
Jurnee
Karlie
Evalyn
Holland
Kenya
Magdalena
Carla
Halle
Aryanna
Kaiya
Kimora
Naya
Saoirse
Susan
Desiree
Ensley
Renee
Esperanza
Treasure
Caylee
Ellison
Kristina
Adilynn
Anabelle
Egypt
Spencer
Tegan
Aranza
Vada
Emerald
Florence
Marlowe
Micah
Sonia
Sunny
Tara
Riya
Yara
Alisa
Nathalia
Yamileth
Saanvi
Samira
Sylvie
Brenna
Carlee
Jenny
Miya
Monserrat
Zendaya
Alora

Smith
Johnson
Williams
Jones
Brown
Davis
Miller
Wilson
Moore
Taylor
Anderson
Thomas
Jackson
White
Harris
Martin
Thompson
Garcia
Martinez
Robinson
Clark
Rodriguez
Lewis
Lee
Walker
Hall
Allen
Young
Hernandez
King
Wright
Lopez
Hill
Scott
Green
Adams
Baker
Gonzalez
Nelson
Carter
Mitchell
Perez
Roberts
Turner
Phillips
Campbell
Parker
Evans
Edwards
Collins
Stewart
Sanchez
Morris
Rogers
Reed
Cook
Morgan
Bell
Murphy
Bailey
Rivera
Cooper
Richardson
Cox
Howard
Ward
Torres
Peterson
Gray
Ramirez
James
Watson
Brooks
Kelly
Sanders
Price
Bennett
Wood
Barnes
Ross
Henderson
Coleman
Jenkins
Perry
Powell
Long
Patterson
Hughes
Flores
Washington
Butler
Simmons
Foster
Gonzales
Bryant
Alexander
Russell
Griffin
Diaz
Hayes
Myers
Ford
Hamilton
Graham
Sullivan
Wallace
Woods
Cole
West
Jordan
Owens
Reynolds
Fisher
Ellis
Harrison
Gibson
Mcdonald
Cruz
Marshall
Ortiz
Gomez
Murray
Freeman
Wells
Webb
Simpson
Stevens
Tucker
Porter
Hunter
Hicks
Crawford
Henry
Boyd
Mason
Morales
Kennedy
Warren
Dixon
Ramos
Reyes
Burns
Gordon
Shaw
Holmes
Rice
Robertson
Hunt
Black
Daniels
Palmer
Mills
Nichols
Grant
Knight
Ferguson
Rose
Stone
Hawkins
Dunn
Perkins
Hudson
Spencer
Gardner
Stephens
Payne
Pierce
Berry
Matthews
Arnold
Wagner
Willis
Ray
Watkins
Olson
Carroll
Duncan
Snyder
Hart
Cunningham
Bradley
Lane
Andrews
Ruiz
Harper
Fox
Riley
Armstrong
Carpenter
Weaver
Greene
Lawrence
Elliott
Chavez
Sims
Austin
Peters
Kelley
Franklin
Lawson
Fields
Gutierrez
Ryan
Schmidt
Carr
Vasquez
Castillo
Wheeler
Chapman
Oliver
Montgomery
Richards
Williamson
Johnston
Banks
Meyer
Bishop
Mccoy
Howell
Alvarez
Morrison
Hansen
Fernandez
Garza
Harvey
Little
Burton
Stanley
Nguyen
George
Jacobs
Reid
Kim
Fuller
Lynch
Dean
Gilbert
Garrett
Romero
Welch
Larson
Frazier
Burke
Hanson
Day
Mendoza
Moreno
Bowman
Medina
Fowler
Brewer
Hoffman
Carlson
Silva
Pearson
Holland
Douglas
Fleming
Jensen
Vargas
Byrd
Davidson
Hopkins
May
Terry
Herrera
Wade
Soto
Walters
Curtis
Neal
Caldwell
Lowe
Jennings
Barnett
Graves
Jimenez
Horton
Shelton
Barrett
Obrien
Castro

@gmail.com
@yahoo.com
@hotmail.com
@outlook.com