351
394
645
711
060
095
202
577
135
645
728
436
745
354
068
325
415
551
520
457
732
814
473
140
554
677
422
549
435
998
394
379
888
178
225
419
419
817
844
130
534
422
330
753
652
542
203
497
942
205
228
119
020
480
192
449
766
057
467
560
720
263
361
819
254
124
961
355
155
670
226
370
338
617
974
894
591
457
163
732
158
121
649
560
583
472
744
639
481
101
653
205
360
161
967
897
914
515
227
753
927
492
825
479
623
306
173
002
561
401
284
730
766
246
637
789
987
441
395
260
057
935
489
843
418
131
036
936
249
833
203
695
988
698
830
894
480
448
869
184
351
328
647
364
396
981
991
007
184
783
592
148
282
253
856
943
734
653
810
792
751
370
070
502
686
963
375
732
293
274
322
228
105
408
514
399
127
787
317
195
702
106
691
815
332
716
779
379
081
492
404
412
618
806
605
300
965
270
319
730
127
107
002
660
762
911
585
183
181
419
057
342
097
864
422
354
324
022
373
602
345
881
957
524
700
129
725
110
743
792
045
104
307
421
416
398
562
393
622
187
429
038
346
858
264
676
566
213
180
006
346
836
842
225
134
577
858
116
886
823
414
143
115
308
647
832
584
662
907
835
031
126
340
407
337
956
039
035
854
087
598
451
932
547
188
874
806
560
655
551
631
580
252
438
345
556
086
644
528
890
788
846
735
763
622
881
376
817
741
445
338
495
729
089
114
296
293
593
550
628
401
144
562
103
208
696
501
219
451
403
352
193
463
515
254
654
291
992
436
634
579
754
149
433
313
990
244
308
961
307
752
494
035
602
807
968
297
603
969
757
928
679
447
432
075
439
833
256
498
636
965
074
690
797
522
377
953
841
504
660
277
866
425
384
316
506
900
805
417
496
495
279
026
693
965
822
461
306
015
195
401
963
551
060
046
912
031
133
010
275
897
851
347
300
883
355
258
496
848
641
139
397
929
860
593
272
000
053
965
285
359
029
277
637
694
862
394
045
454
520
159
846
602
496
149
915
331
407
499
852
673
811
559
307
587
698
315
899
165
023
439
839
603
439
360
119
508
908
243
003
628
045
307
586
688
507
084
971
870
287
836
452
585
967
625
811
072
760
351
507
446
036
715
706
785
916
902
752
318
606
870
867
070
062
779
691
237
883
240
726
824
673
633
910
725
964
010
432
766
784
705
758
410
546
183
148
171
513
501
987
629
782
890
119
163
388
237
885
086
955
481
898
802
952
565
315
915
054
145
183
659
833
266
124
543
820
019
924
430
798
327
246
445
014
246
369
099
944
595
725
450
307
764
443
663
916
490
547
009
893
475
220
359
499
495
133
606
488
213
539
772
467
199
952
414
767
321
862
942
660
156
796
699
920
152
585
858
856
225
844
136
710
179
298
353
588
288
909
168
692
541
260
621
604
400
723
626
443
666
958
391
581
960
040
307
154
406
923
065
024
851
751
574
458
425
075
647
745
249
722
286
662
254
172
978
491
929
346
635
489
459
847
529
668
529
045
490
659
781
179
754
886
926
005
021
573
799
389
760
108
543
395
270
325
075
282
648
581
182
589
206
501
627
932
345
532
436
845
596
980
335
296
436
659
539
256
789
927
481
653
868
684
139
898
064
265
241
806
582
124
572
217
919
858
553
934
998
559
331
651
981
392
190
268
703
877
943
935
621
060
006
253
651
885
012
921
681
641
920
795
418
758
272
160
765
692
265
141
836
819
357
307
195
915
920
200
233
909
476
829
817
069
105
268
993
734
894
899
928
374
747
597
307
444
453
205
295
593
961
380
337
188
188
097
513
373
424
863
836
679
933
750
439
630
423
536
007
731
102
645
910
601
753
230
571
399
235
026
691
063
777
659
326
856
288
884
333
719
479
699
313
542
067
102
949
546
564
189
213
707
241
693
795
806
398
948
615
144
928
140
628
230
001
184
271
710
435
396
837
188
529
773
381
751
663
762
660
076
861
775
109
749
354
373
164
472
594
763
496
531
111
898
304
851
390
235
045
008
484
574
211
918
695
880
585
364
291
405
335
013
070
700
469
306
766
201
898
344
978
219
303
922
352
051
100
562
815
545
715
326
722
536
609
015
203
514
470
246
377
947
932
069
567
225
664
675
645
209
102
315
653
897
476
360
858
916
137
765
989
490
267
675
965
699
172
145
678
457
095
973
420
188
207
096
200
748
824
119
800
002
956
807
089
592
296
343
869
762
236
697
276
512
250
209
159
370
295
887
065
722
608
338
343
554
827
546
619
048
695
394